{
 "cells": [
  {
   "cell_type": "code",
   "execution_count": 1,
   "id": "7a3dce30",
   "metadata": {},
   "outputs": [
    {
     "name": "stderr",
     "output_type": "stream",
     "text": [
      "\u001b[32m\u001b[1m  Activating\u001b[22m\u001b[39m project at `c:\\Users\\matsz\\programowanie\\Optymalizacja_portfela\\FinancialPlanner`\n"
     ]
    }
   ],
   "source": [
    "import Pkg\n",
    "Pkg.activate(\"../../../FinancialPlanner\")"
   ]
  },
  {
   "cell_type": "code",
   "execution_count": 2,
   "id": "564a34b7",
   "metadata": {},
   "outputs": [],
   "source": [
    "using Revise\n",
    "using LinearAlgebra\n",
    "using Distributions\n",
    "using Random\n",
    "using StatsPlots\n",
    "using PDMats\n",
    "using StatsBase\n",
    "using Base.Iterators\n",
    "using DataFrames, TimeSeries, XLSX\n",
    "using PrettyTables"
   ]
  },
  {
   "cell_type": "code",
   "execution_count": 3,
   "id": "9f131dd8",
   "metadata": {},
   "outputs": [
    {
     "data": {
      "text/plain": [
       "calculate_bond_returns"
      ]
     },
     "metadata": {},
     "output_type": "display_data"
    }
   ],
   "source": [
    "using Revise\n",
    "\n",
    "includet(\"../../src/ESGModels/msvar.jl\")\n",
    "includet(\"../../src/ESGModels/msvar_gibs.jl\")\n",
    "includet(\"../../src/ESGModels/msvar_simulate.jl\") \n",
    "include(\"../VARs/utils.jl\")"
   ]
  },
  {
   "cell_type": "code",
   "execution_count": 85,
   "id": "9be1c8ba",
   "metadata": {},
   "outputs": [
    {
     "data": {
      "text/html": [
       "<table>\n",
       "  <thead>\n",
       "    <tr class = \"header headerLastRow\">\n",
       "      <th class = \"rowLabel\" style = \"font-weight: bold; text-align: right;\"></th>\n",
       "      <th style = \"text-align: right;\">std</th>\n",
       "      <th style = \"text-align: right;\">max</th>\n",
       "      <th style = \"text-align: right;\">mean</th>\n",
       "      <th style = \"text-align: right;\">p75th</th>\n",
       "      <th style = \"text-align: right;\">min</th>\n",
       "      <th style = \"text-align: right;\">skewness</th>\n",
       "      <th style = \"text-align: right;\">p25th</th>\n",
       "      <th style = \"text-align: right;\">autocor</th>\n",
       "      <th style = \"text-align: right;\">kurtosis</th>\n",
       "      <th style = \"text-align: right;\">sr</th>\n",
       "      <th style = \"text-align: right;\">median</th>\n",
       "    </tr>\n",
       "  </thead>\n",
       "  <tbody>\n",
       "    <tr>\n",
       "      <td class = \"rowLabel\" style = \"font-weight: bold; text-align: right;\">Total_Stock_T_Bill</td>\n",
       "      <td style = \"text-align: right;\">0.1536</td>\n",
       "      <td style = \"text-align: right;\">1.458</td>\n",
       "      <td style = \"text-align: right;\">0.0785</td>\n",
       "      <td style = \"text-align: right;\">0.4179</td>\n",
       "      <td style = \"text-align: right;\">-2.9619</td>\n",
       "      <td style = \"text-align: right;\">-0.9571</td>\n",
       "      <td style = \"text-align: right;\">-0.2002</td>\n",
       "      <td style = \"text-align: right;\">0.0138</td>\n",
       "      <td style = \"text-align: right;\">2.9215</td>\n",
       "      <td style = \"text-align: right;\">0.5107</td>\n",
       "      <td style = \"text-align: right;\">0.1321</td>\n",
       "    </tr>\n",
       "    <tr>\n",
       "      <td class = \"rowLabel\" style = \"font-weight: bold; text-align: right;\">T_Bill_CPI</td>\n",
       "      <td style = \"text-align: right;\">0.0126</td>\n",
       "      <td style = \"text-align: right;\">0.2387</td>\n",
       "      <td style = \"text-align: right;\">0.0034</td>\n",
       "      <td style = \"text-align: right;\">0.0303</td>\n",
       "      <td style = \"text-align: right;\">-0.1559</td>\n",
       "      <td style = \"text-align: right;\">-0.0771</td>\n",
       "      <td style = \"text-align: right;\">-0.0226</td>\n",
       "      <td style = \"text-align: right;\">0.5882</td>\n",
       "      <td style = \"text-align: right;\">2.2886</td>\n",
       "      <td style = \"text-align: right;\">0.2675</td>\n",
       "      <td style = \"text-align: right;\">0.0098</td>\n",
       "    </tr>\n",
       "    <tr>\n",
       "      <td class = \"rowLabel\" style = \"font-weight: bold; text-align: right;\">Yeld_10Y_T_Bill</td>\n",
       "      <td style = \"text-align: right;\">0.0035</td>\n",
       "      <td style = \"text-align: right;\">0.0394</td>\n",
       "      <td style = \"text-align: right;\">0.0163</td>\n",
       "      <td style = \"text-align: right;\">0.0262</td>\n",
       "      <td style = \"text-align: right;\">-0.015</td>\n",
       "      <td style = \"text-align: right;\">-0.2687</td>\n",
       "      <td style = \"text-align: right;\">0.0074</td>\n",
       "      <td style = \"text-align: right;\">0.9614</td>\n",
       "      <td style = \"text-align: right;\">-0.6079</td>\n",
       "      <td style = \"text-align: right;\">4.6663</td>\n",
       "      <td style = \"text-align: right;\">0.0163</td>\n",
       "    </tr>\n",
       "  </tbody>\n",
       "</table>\n"
      ]
     },
     "metadata": {},
     "output_type": "display_data"
    },
    {
     "data": {
      "text/plain": [
       "nothing"
      ]
     },
     "metadata": {},
     "output_type": "display_data"
    },
    {
     "data": {
      "text/plain": [
       "3×3 Matrix{Float64}:\n",
       "  1.0        -0.0903778  -0.0483738\n",
       " -0.0903778   1.0        -0.143506\n",
       " -0.0483738  -0.143506    1.0"
      ]
     },
     "metadata": {},
     "output_type": "display_data"
    }
   ],
   "source": [
    "df = DataFrame(XLSX.readtable(\"../../data/usa_data.xlsx\", \"Data\", infer_eltypes=true))\n",
    "data_source = collapse(TimeArray(df; timestamp = :Date), Dates.month, last)\n",
    "\n",
    "freq = 12\n",
    "#:Price_10Y\n",
    "returns = percentchange(data_source[:Total_Stock], :log)\n",
    "cpi = percentchange(data_source[:CPI], :log) \n",
    "\n",
    "real_t_bill = log1p.(data_source[:T_Bill])./freq .- cpi\n",
    "\n",
    "excess_returns = returns .- log1p.(data_source[:T_Bill]./freq)\n",
    "\n",
    "dy = log.(data_source[:Dividend]) .- log.(data_source[:Stock_Price])\n",
    "\n",
    "term = data_source[:Yeld_10Y] ./freq .- data_source[:T_Bill] ./freq\n",
    "\n",
    "#data = merge(excess_returns, real_t_bill, dy, term, log1p.(data_source[:T_Bill]))\n",
    "data = merge(excess_returns, real_t_bill, term)\n",
    "\n",
    "start = Date(1985, 01,01)\n",
    "end_d = Date(2024, 12, 31)\n",
    "s_data = to(from(data, start),end_d)\n",
    "\n",
    "display(returns_summarystats(s_data, freq)) \n",
    "display(cor(values(s_data)))"
   ]
  },
  {
   "cell_type": "code",
   "execution_count": 86,
   "id": "59fbdf55",
   "metadata": {},
   "outputs": [
    {
     "data": {
      "text/plain": [
       "3-element Vector{Symbol}:\n",
       " :Total_Stock_T_Bill\n",
       " :T_Bill_CPI\n",
       " :Yeld_10Y_T_Bill"
      ]
     },
     "metadata": {},
     "output_type": "display_data"
    }
   ],
   "source": [
    "assets_names = colnames(s_data)"
   ]
  },
  {
   "cell_type": "code",
   "execution_count": null,
   "id": "8c683672",
   "metadata": {},
   "outputs": [
    {
     "data": {
      "text/plain": [
       "([0.005210776914104084 0.0028550106490825384 0.003033333333333333; -0.006399572897336269 0.002125450693431407 0.002608333333333335; … ; 0.030786207595812742 0.004087424285638979 -0.0007333333333333337; 0.008007174130421721 0.0041400960802971095 -0.0009250000000000009], [1.0 0.06830780222021252 0.001499887646889097 0.002841666666666667; 1.0 0.005210776914104084 0.0028550106490825384 0.003033333333333333; … ; 1.0 0.04362223443801919 0.00392657537072938 -0.000616666666666666; 1.0 0.030786207595812742 0.004087424285638979 -0.0007333333333333337])"
      ]
     },
     "metadata": {},
     "output_type": "display_data"
    }
   ],
   "source": [
    "Y, X = prepare_var_data(values(s_data), p=1, X = Matrix{Float64}(undef, 0, 0), add_intercept = true)"
   ]
  },
  {
   "cell_type": "code",
   "execution_count": 88,
   "id": "84b992d2",
   "metadata": {},
   "outputs": [
    {
     "data": {
      "text/plain": [
       "([2 2 … 2 2; 2 2 … 2 2; … ; 2 2 … 2 2; 2 2 … 2 2], [0.7657699265010207 0.06524650820653721; 0.7712166199596062 0.0644410245898807; … ; 0.7892756036924954 0.12509702499923686; 0.7300149647432478 0.0815356797194915;;; 0.23423007349897915 0.9347534917934627; 0.2287833800403938 0.9355589754101192; … ; 0.2107243963075046 0.8749029750007631; 0.26998503525675216 0.9184643202805085], Vector{Any}[[[-0.001820064124512251 0.08028907796083554 1.7262743283802768 -29.394208766180316; -0.0008376471180044331 -0.01908377305798026 0.3309858930332167 0.4634572151281015; 0.00014660460467010294 0.00044630798834582777 -0.017578853461880456 0.9514005779871326], [0.025584878450022514 -0.20921485640035759 -0.2000206208937136 -4.2227937751357; 0.00039666946196171925 1.904196486421318e-5 0.5429387043843499 -0.30043185887244195; -8.771107701272154e-7 0.0008177679434732092 -0.007725933843018312 0.9910570324496131]], [[-0.03177518583101235 0.03202862083518248 0.8849756041443051 5.895289737689017; -0.0008879029891047038 -0.004357183594550243 0.664121425462742 -0.09093157943407876; 0.0001949246222697348 -0.0005435468091347593 -0.021167607640001196 0.8880394063866667], [0.015386350236992563 -0.19741430727540826 -0.8560764086768187 0.7524959814859276; 0.00023209246268375057 0.004503516444769506 0.6172697676617624 -0.13589748033993768; 2.85382491569246e-5 0.000848832001561864 -0.009338533149880986 0.9617115833952946]], [[-0.015862871007860185 0.17785395880715796 -0.056676255811159926 -1.2697181065987526; 0.0002489076761889192 -0.010970735381003866 0.6233951429769262 0.6618550951846622; 0.0001430067507411636 -2.055248020332276e-5 -0.016993333017843715 0.950115600864727], [0.018771665617919816 -0.1996678925149708 -0.7539873298916139 -2.1878466360352853; 0.00019254746124658303 -0.0021910139753331427 0.6005248272158985 -0.046891048999751106; 9.552535866597424e-6 0.0012422917884974973 -0.0015339426616514371 0.9687757281295957]], [[-0.013979472202784539 0.22864820274189507 1.186719101175663 -7.411743150538999; 8.447245219753762e-5 -0.005377775399059895 0.528618692804876 -0.07402306372435079; 0.00024325481810238243 0.00014233734605186777 -0.02336735963252808 0.8827742694792706], [0.017911701645294775 -0.19606198900799995 0.7309996824210153 -1.3581251732077422; 0.0002800081326157962 0.0020494779267054616 0.5598094269544335 -0.13991633330316816; -6.117269909471658e-6 0.0006033010328000371 -0.004621533711259953 0.9910695894165997]], [[-0.032530700515148114 0.14940630200649857 -0.063163843076896 1.0505887649695937; 0.0015800626553099278 -0.002082544983078493 0.6114465652085639 -0.5184139466988327; 9.233134070127052e-5 0.000936214541615472 -0.013589645683753879 0.9716174148028098], [0.02010880254174319 -0.26642894631908676 -0.006486176034625202 -0.6966448810147403; 9.334094728123381e-5 -0.005182092019831577 0.5669611733996501 0.08059858396199639; -3.765803158595352e-5 0.0006790186537294308 -0.0008546478259841284 0.9998305702912328]], [[-0.012505927183277844 0.05280865661983837 1.668966121647619 -2.6714896382484827; 0.0004927814907775673 -0.0008327498085916262 0.6176445996316621 -0.2105398998843289; 0.00015304894560101218 0.001409549950282979 -0.013213252296044828 0.9163312294865559], [0.021500581657543684 -0.3588328364836189 0.25222683734781015 -3.65040758050174; 0.0005217103062443721 -0.00029964666618469973 0.5992029682745768 -0.2935067725035383; -2.072447330186749e-5 0.0006627524393647768 -0.007174005556307966 0.9953356504113584]], [[-0.006899726993118035 -0.044564256874894584 -1.996673441330299 -4.653910244272129; 0.0005397747575089159 -0.009126717214839675 0.5629795954108187 -0.1802698532553311; 0.00016433547795569097 0.0002773621649411938 0.003412352018282558 0.9000538985074522], [0.026810309229365205 -0.28810192220213776 -0.2795641908541382 -5.425618210861753; 0.0003562272736784097 -0.002149241866251022 0.5753758471025133 0.03897768216341152; 1.3659029948474577e-6 0.0009730038188193773 -0.005396532931408522 0.9727433879262455]], [[0.0050319334622666145 -0.09692799081490101 0.9649783148399836 -13.212653917744085; 0.0008028433781034666 -0.0002552161352493464 0.6514197171501223 -0.2292737241190887; 8.037844869138684e-5 0.0004156795750527115 -0.009708934000940465 0.9791481084716162], [0.018189085168539006 -0.28381336908565274 0.4957330800111285 -2.1611682136027506; 0.00010787477031537921 0.0027095802785088666 0.5860120762066036 -0.04051613562624652; 9.441667964181383e-6 0.0003991384072183894 -0.0021525915941629677 0.9764017978412177]], [[-0.004820905171048952 0.08831676950752598 0.6002237003041715 -9.95188084828937; 0.0007080408022924931 -0.0071130626729438515 0.5249128519357847 -0.39153113107337767; 2.5710806911861306e-5 -0.0010533003497563537 -0.01303762661019097 0.9727356887127222], [0.02085625254915268 -0.17081482807880824 0.5115371922200045 -5.306008407422413; 6.152002962673815e-5 0.006139249981527484 0.6021611108015399 -0.042339523062453394; 4.482601323425192e-6 -8.20229985434187e-5 -0.005898651751507551 0.972777333770838]], [[-0.03769318334423857 0.08138506583429929 1.1167419619780021 14.221293920227675; 0.00130043576532807 -0.006081862141601433 0.4409786972922057 -1.355700601202651; -0.00010908614010381923 -0.00046379600396055106 -0.002462834381779101 1.0218130962174312], [0.023267223046860474 -0.2660522173249411 0.7512346829418641 -4.760271090446624; 0.0005250040249794861 -0.0053411339525316895 0.5294605868392124 -0.14011531054686535; 2.447305182784909e-6 0.00037051297493968517 0.0007165175309762004 0.9794599206466125]]  …  [[-0.007035931222909899 0.059424056425484234 0.6759365245037703 -2.5600575576899396; -0.0009720222103418263 -0.01776811953900244 0.4732221588299837 0.48707335049286626; 0.0001423813338957926 0.00025188680175906126 -0.010178591022372537 0.8968252198094986], [0.020695750912152214 -0.2607035029910097 1.0608878405295465 -1.0573402530736848; 0.00011967894232220948 0.0004437942969647069 0.6764389436804279 0.049292856287979636; 2.837868465795537e-5 0.0010223445595436672 -0.0061671888733466195 0.9613693208589933]], [[-0.0044629234600982726 0.10850577425576952 -4.178755356788614 -13.125422097574745; -0.0005498881972783693 -0.010289593962245977 0.5349959154587671 -0.025434426115090836; 0.00023429458871028833 -0.00040455048235424053 -0.005738168623045721 0.8354307102827679], [0.01789976937204379 -0.10248158568060686 1.3536051369814985 -0.7749596685260364; 0.000490816406713944 0.0006920938628787493 0.5348691918771031 -0.128565504005493; 4.108066223018792e-5 0.0008736457173442148 -0.006278931053431503 0.9673994533301467]], [[-0.02064119357916636 0.024129329690616083 1.1014561515581434 -0.3453415223899565; -0.0006934175379812036 -0.009056366369334292 0.4322404496583797 -0.03375061678261522; 0.00017327736598044032 -0.00039690506732215525 -0.011733984514248477 0.8985472544360643], [0.01703985167372111 -0.16963109662420497 0.5703251486479051 -0.49725301436575764; 0.0006761433891785283 -0.00082553416447113 0.6580268693317084 -0.23841513487995514; 9.66223382823966e-6 0.001065472584228734 -0.009433679921788354 0.96668364223891]], [[-0.012426021881377564 -0.1307974828897719 0.9770562868886434 -1.2395247659423787; 0.00012970961514287616 -0.010621870084526034 0.3881809570743084 -0.5861331505811385; 0.00010176137087829356 -0.000478954348676983 -0.006055689787027125 0.9235407494053116], [0.013141103926054536 -0.06429420078428585 0.1849220742451567 1.2621117659129615; 0.0001681923656827844 -0.001937008850987716 0.6629954529283157 -0.09151035783117276; 2.106973960395753e-5 0.0006557526674821376 -0.006519316614852251 0.9690733865067295]], [[-0.008698676759891985 0.0326197695964445 -0.7998679228840009 -9.712714463057253; -0.00116017291254241 0.001774542607266831 0.5225537518317662 0.45546485451512536; -2.1793696979047027e-6 5.314630496592554e-5 -0.010492819859219914 0.9535129491952741], [0.01571870842709922 -0.13154000651688927 -1.1552070168942052 -1.0236340518068956; 0.0005357772141107079 -0.0032895489218527753 0.6346046663830374 -0.2634951811670169; 4.964958490585978e-6 0.0007923885645768934 -0.003117608022038804 0.9781876094034758]], [[-0.012327444128076518 0.0731341917460509 -1.606765924576605 -4.221432549017775; 9.150316622649285e-5 -0.01433905563767436 0.46770710530625553 -0.21332188567851415; 3.866821824062364e-5 -0.00045316882322757443 -0.029685920943400567 0.9427927200465482], [0.026844786782816266 -0.19316361338380655 -0.2378883082406305 -5.9271609496964555; 2.0455768994220576e-6 0.0024391044491663964 0.5997595667834852 0.03280197842092579; 5.742818449508412e-5 0.0008415637115663589 4.816632336490309e-5 0.9682474902771301]], [[-0.006235903514489128 0.06917232527382626 -0.5149727681705618 -7.033641048832417; 0.000577778271315979 0.002309128566984734 0.5958782391049698 0.2705626037812945; 7.301947736760481e-5 -5.660713225156839e-5 -0.009293513162686211 0.9817026397886972], [0.02147836054652946 -0.1662784388604676 -0.2703647047244993 -3.5370746647521654; 0.00016619825673585626 0.0009078225621571693 0.5991513563337736 0.026563184621766267; -5.576542256289161e-6 0.0006863686375663084 -0.008073211963931817 0.993084598588937]], [[-0.027421233520262704 0.03175778436600667 0.6801862236903321 6.929627726920887; 0.000901275738002431 -0.004922811616599144 0.580415631040993 -0.1948554093462225; 6.871419587006364e-5 -0.00013769502590264154 -0.005972556126217235 0.9502806480685911], [0.025177423225855443 -0.22293738043000594 0.1692731713921247 -5.268767031976841; 0.00023493616153186535 0.004419413953909411 0.6649877257299831 0.01784979243529991; 1.0424422211137829e-5 -1.8147020039112934e-5 -0.014173057524197294 0.9767441955207086]], [[-0.0007888826628948131 0.20156472268221506 0.07136540980651944 -5.751839681081966; -0.0004282880577395218 0.001915728286649627 0.6125067336242489 0.0022621709963627223; 0.00012467084109138202 0.0010267084113851173 -0.030140482549470438 0.9061069121335162], [0.020297416078220838 -0.21949751144770327 1.0379620657317339 -2.5209519160325335; 0.00012428999413263852 -0.0031150065523628716 0.6316885900241677 0.0829668676802644; 4.705346892171309e-5 0.0004203587309922381 -0.0025074342478578634 0.9494765341559155]], [[-0.015678767900262715 0.11348125969796496 1.5420810223776409 4.329553159601433; 0.0008196066243956082 -0.006897702434864844 0.5953094778030483 -0.2797070094266503; 4.533417739442891e-5 -0.0005560548208979945 -0.006763142353606094 0.9645537262963876], [0.015492205150743657 -0.1073503818496589 -0.22216035226487862 -2.0178213911807514; 0.0005456119589218725 -0.00017878777437017358 0.5990924206384347 -0.2769754912348479; -1.2491170319880002e-5 0.001111630247625468 -0.008805115083187976 0.9881984511501671]]], Vector{Any}[[[0.0064731081924720565 -7.978560184415849e-5 2.5291408011301975e-7; -7.978560184415849e-5 2.4176857972545566e-5 1.9953675852766262e-8; 2.5291408011301975e-7 1.9953675852766262e-8 1.7605052020162746e-7], [0.0013703773785130814 -1.3529118201114541e-5 -1.0529156826868264e-7; -1.3529118201114541e-5 6.59326928557554e-6 -4.4966771159138576e-8; -1.0529156826868264e-7 -4.4966771159138576e-8 4.3463396749962466e-8]], [[0.005981572998453064 -0.00014897780267293447 1.3483908918743546e-6; -0.00014897780267293447 2.7721904765537838e-5 2.5351507375604676e-7; 1.3483908918743546e-6 2.5351507375604676e-7 1.3833988423449923e-7], [0.0011498580922776008 -1.1861900121044334e-5 -3.8379343997974036e-9; -1.1861900121044334e-5 5.988949614482965e-6 -2.296556342506211e-9; -3.8379343997974036e-9 -2.296556342506211e-9 4.3721421280445757e-8]], [[0.0035481033556277767 -2.2429750774232773e-5 2.3164991172464216e-6; -2.2429750774232773e-5 2.0380171382806565e-5 2.5844817309114104e-7; 2.3164991172464216e-6 2.5844817309114104e-7 1.3309830328374625e-7], [0.001004416068000383 -1.2541787773714565e-5 2.501509765868414e-7; -1.2541787773714565e-5 5.33418542332889e-6 -5.737758443444577e-8; 2.501509765868414e-7 -5.737758443444577e-8 3.972923800880087e-8]], [[0.0038985459296984938 -1.4605153921474113e-5 -2.3191492335841767e-6; -1.4605153921474113e-5 2.3922369472277587e-5 1.3071000847615138e-7; -2.3191492335841767e-6 1.3071000847615138e-7 1.2488343621797754e-7], [0.0009655930132552582 -1.5107183978283535e-5 -5.517194006678652e-7; -1.5107183978283535e-5 5.667708490348381e-6 -4.096093048768246e-8; -5.517194006678652e-7 -4.096093048768246e-8 4.189865122925631e-8]], [[0.0051056289447263415 -0.00012841195845573528 1.2364487665918213e-6; -0.00012841195845573528 2.227988089379382e-5 -1.6471178969802037e-7; 1.2364487665918213e-6 -1.6471178969802037e-7 1.3110386117444859e-7], [0.0010451626794119075 -6.216007414016392e-6 2.54281404506981e-7; -6.216007414016392e-6 5.39966929695424e-6 -7.723740507224932e-8; 2.54281404506981e-7 -7.723740507224932e-8 3.8827157886355295e-8]], [[0.005388977061062797 -6.153047091191234e-5 -4.205845603048518e-6; -6.153047091191234e-5 1.7535676090085728e-5 2.6091693995674907e-7; -4.205845603048518e-6 2.6091693995674907e-7 1.221091264689821e-7], [0.0009493960252343645 -6.0614455799889435e-6 -2.4791336452487347e-7; -6.0614455799889435e-6 6.0638185963978924e-6 -3.94686752268253e-8; -2.4791336452487347e-7 -3.94686752268253e-8 3.757218334051016e-8]], [[0.004253785629827741 -5.9261189676449034e-5 -1.8297820135931633e-6; -5.9261189676449034e-5 1.7910262076088566e-5 2.8348356280148012e-8; -1.8297820135931633e-6 2.8348356280148012e-8 9.741045842955233e-8], [0.0010845946474058355 -9.083880504194698e-6 -6.621521267656716e-8; -9.083880504194698e-6 5.750048430585472e-6 -5.73227657881896e-8; -6.621521267656716e-8 -5.73227657881896e-8 4.0768928279140736e-8]], [[0.00488109001362527 -7.327978029802747e-5 -3.114327511887504e-6; -7.327978029802747e-5 1.8744515408060302e-5 1.0806022427450065e-7; -3.114327511887504e-6 1.0806022427450065e-7 1.4802569592048088e-7], [0.0011699348806232062 -5.635958038755813e-6 -1.023454950530129e-7; -5.635958038755813e-6 5.8680498489209865e-6 -4.4708568467516085e-8; -1.023454950530129e-7 -4.4708568467516085e-8 3.575996725294754e-8]], [[0.0043431548607967 -4.4652738834566626e-5 -2.943119926266667e-6; -4.4652738834566626e-5 2.037848814365103e-5 4.20930527256463e-7; -2.943119926266667e-6 4.20930527256463e-7 1.3033760072784786e-7], [0.00094400881017035 -2.637573572304595e-6 -2.2596081486062352e-7; -2.637573572304595e-6 5.462283742313283e-6 -6.943092259401071e-8; -2.2596081486062352e-7 -6.943092259401071e-8 3.7006349120263534e-8]], [[0.004144284790321013 -7.048530395218524e-5 -2.4947879552523873e-6; -7.048530395218524e-5 1.469446869836056e-5 7.243029306344427e-8; -2.4947879552523873e-6 7.243029306344427e-8 1.3913014590573905e-7], [0.0010697851175372995 -7.403247503054576e-6 -4.804863331555423e-7; -7.403247503054576e-6 4.558706867685359e-6 -9.196508583580672e-8; -4.804863331555423e-7 -9.196508583580672e-8 4.678743616465042e-8]]  …  [[0.004102622577900765 -9.066480374669645e-5 2.6226121239396697e-6; -9.066480374669645e-5 2.119173618978679e-5 -2.1943080581438903e-8; 2.6226121239396697e-6 -2.1943080581438903e-8 1.1837570011349486e-7], [0.0010877449198379075 -3.3172756894512265e-6 -8.138164002877202e-7; -3.3172756894512265e-6 5.629644718828286e-6 -1.0962378308052397e-8; -8.138164002877202e-7 -1.0962378308052397e-8 4.82848083680061e-8]], [[0.005093030897099328 -2.920697199686963e-5 3.2400440088455827e-7; -2.920697199686963e-5 1.7798146927183746e-5 1.5874076293562252e-7; 3.2400440088455827e-7 1.5874076293562252e-7 1.1809326074436373e-7], [0.0009749895367289791 -7.083646654787788e-6 -9.67271506127631e-7; -7.083646654787788e-6 6.01916002002075e-6 -6.88991379757751e-8; -9.67271506127631e-7 -6.88991379757751e-8 5.0623899789756574e-8]], [[0.004209732171414853 -1.4876403656545057e-5 2.989692164338871e-6; -1.4876403656545057e-5 1.6027412265952307e-5 1.8729985152674605e-7; 2.989692164338871e-6 1.8729985152674605e-7 1.400027066191925e-7], [0.0011092792340159096 -8.586181953353901e-7 -1.2418613274205463e-6; -8.586181953353901e-7 5.780811756040078e-6 -4.11531134356546e-8; -1.2418613274205463e-6 -4.11531134356546e-8 4.91971879649887e-8]], [[0.004651785494908178 -4.766414852560055e-5 -1.1219852375479877e-6; -4.766414852560055e-5 1.529102869208094e-5 1.7235347607420428e-7; -1.1219852375479877e-6 1.7235347607420428e-7 1.2175488212166526e-7], [0.0007956282049288056 -1.0124095879115169e-5 -2.250160482277184e-7; -1.0124095879115169e-5 5.0838581778526945e-6 -8.075913604802973e-8; -2.250160482277184e-7 -8.075913604802973e-8 4.912971686566206e-8]], [[0.004521393369810902 -6.641363134076327e-5 -5.701673730269384e-7; -6.641363134076327e-5 2.2524637907106827e-5 3.798170824107914e-7; -5.701673730269384e-7 3.798170824107914e-7 1.0633468431315087e-7], [0.0009232354362363627 -1.2603682945598261e-5 -8.232621638445298e-8; -1.2603682945598261e-5 5.476755717261633e-6 -4.7646797158938144e-8; -8.232621638445298e-8 -4.7646797158938144e-8 4.521842958402257e-8]], [[0.004401057475697554 -3.856460463636752e-5 -1.7715237294295974e-6; -3.856460463636752e-5 2.3713463205199892e-5 1.5575023892768916e-7; -1.7715237294295974e-6 1.5575023892768916e-7 1.310759972715059e-7], [0.0009488059587493706 -6.650300030782752e-6 6.61499826357127e-7; -6.650300030782752e-6 4.925488355638413e-6 -1.0450518969216736e-7; 6.61499826357127e-7 -1.0450518969216736e-7 4.371036680322279e-8]], [[0.00452087611185226 -7.451987891029191e-5 -1.868879322420171e-6; -7.451987891029191e-5 2.25249865520718e-5 2.1327455598244444e-8; -1.868879322420171e-6 2.1327455598244444e-8 1.1941923846207112e-7], [0.0009919012579553109 -9.869657420073671e-6 2.8539499696791467e-7; -9.869657420073671e-6 4.801137788099602e-6 -3.4230630334397456e-8; 2.8539499696791467e-7 -3.4230630334397456e-8 4.0108443425410985e-8]], [[0.004248052830909984 -2.6357689170836595e-5 -7.356158110357928e-7; -2.6357689170836595e-5 1.7046143868477e-5 4.6883789830270616e-8; -7.356158110357928e-7 4.6883789830270616e-8 1.328780205964567e-7], [0.0010145428684710759 -9.192556619221238e-6 2.257449388316328e-7; -9.192556619221238e-6 5.548638149388351e-6 -7.029743255736536e-8; 2.257449388316328e-7 -7.029743255736536e-8 3.907562534139146e-8]], [[0.003884206101060186 -4.8173785251645454e-5 3.733039815936402e-7; -4.8173785251645454e-5 1.6688174229059724e-5 -5.6953611778111266e-8; 3.733039815936402e-7 -5.6953611778111266e-8 1.0859710348831712e-7], [0.0009914584249489755 -9.991671011609205e-6 2.1221899557396073e-8; -9.991671011609205e-6 5.001439513428956e-6 -1.802044662485123e-8; 2.1221899557396073e-8 -1.802044662485123e-8 4.193324104577576e-8]], [[0.004043389194691923 -2.2966708626979527e-5 -1.3028238626964637e-6; -2.2966708626979527e-5 2.1135882602279632e-5 4.121607521309614e-8; -1.3028238626964637e-6 4.121607521309614e-8 1.5668156379106459e-7], [0.0008478849169962004 -8.712589831829861e-6 -1.2020243882982707e-7; -8.712589831829861e-6 4.857611425900029e-6 -6.418137835764874e-8; -1.2020243882982707e-7 -6.418137835764874e-8 4.361360621383534e-8]]])"
      ]
     },
     "metadata": {},
     "output_type": "display_data"
    }
   ],
   "source": [
    "n_burn = 50_000\n",
    "n_sample = 2000\n",
    "n = 2\n",
    "T = size(Y,1)\n",
    "Β0 = (inv(transpose(X) * X) * transpose(X) * Y)\n",
    "Σ0 = transpose((Y -  X * Β0)) * (Y -  X * Β0) / (T- n -1)\n",
    "\n",
    "tm0 = [.9 .1; .1 .9]\n",
    "\n",
    "regimes, t_m, Β_post, Σ_post = msvar(Y, X, tm0 , [Β0', Β0'], [Σ0, Σ0], n_burn, n_sample)"
   ]
  },
  {
   "cell_type": "code",
   "execution_count": 89,
   "id": "06caaf40",
   "metadata": {},
   "outputs": [
    {
     "data": {
