{
 "cells": [
  {
   "cell_type": "code",
   "execution_count": 1,
   "id": "7a3dce30",
   "metadata": {},
   "outputs": [
    {
     "name": "stderr",
     "output_type": "stream",
     "text": [
      "\u001b[32m\u001b[1m  Activating\u001b[22m\u001b[39m project at `c:\\Users\\matsz\\programowanie\\Optymalizacja_portfela\\FinancialPlanner`\n"
     ]
    }
   ],
   "source": [
    "import Pkg\n",
    "Pkg.activate(\"../../../FinancialPlanner\")"
   ]
  },
  {
   "cell_type": "code",
   "execution_count": 2,
   "id": "564a34b7",
   "metadata": {},
   "outputs": [],
   "source": [
    "using Revise\n",
    "using LinearAlgebra\n",
    "using Distributions\n",
    "using Random\n",
    "using StatsPlots\n",
    "using PDMats\n",
    "using StatsBase\n",
    "using Base.Iterators\n",
    "using DataFrames, TimeSeries, XLSX\n",
    "using PrettyTables"
   ]
  },
  {
   "cell_type": "code",
   "execution_count": 3,
   "id": "9f131dd8",
   "metadata": {},
   "outputs": [
    {
     "data": {
      "text/plain": [
       "calculate_bond_returns"
      ]
     },
     "metadata": {},
     "output_type": "display_data"
    }
   ],
   "source": [
    "using Revise\n",
    "\n",
    "includet(\"../../src/ESGModels/msvar.jl\")\n",
    "includet(\"../../src/ESGModels/msvar_gibs.jl\")\n",
    "includet(\"../../src/ESGModels/msvar_simulate.jl\") \n",
    "include(\"../VARs/utils.jl\")"
   ]
  },
  {
   "cell_type": "code",
   "execution_count": 85,
   "id": "9be1c8ba",
   "metadata": {},
   "outputs": [
    {
     "data": {
      "text/html": [
       "<table>\n",
       "  <thead>\n",
       "    <tr class = \"header headerLastRow\">\n",
       "      <th class = \"rowLabel\" style = \"font-weight: bold; text-align: right;\"></th>\n",
       "      <th style = \"text-align: right;\">std</th>\n",
       "      <th style = \"text-align: right;\">max</th>\n",
       "      <th style = \"text-align: right;\">mean</th>\n",
       "      <th style = \"text-align: right;\">p75th</th>\n",
       "      <th style = \"text-align: right;\">min</th>\n",
       "      <th style = \"text-align: right;\">skewness</th>\n",
       "      <th style = \"text-align: right;\">p25th</th>\n",
       "      <th style = \"text-align: right;\">autocor</th>\n",
       "      <th style = \"text-align: right;\">kurtosis</th>\n",
       "      <th style = \"text-align: right;\">sr</th>\n",
       "      <th style = \"text-align: right;\">median</th>\n",
       "    </tr>\n",
       "  </thead>\n",
       "  <tbody>\n",
       "    <tr>\n",
       "      <td class = \"rowLabel\" style = \"font-weight: bold; text-align: right;\">Total_Stock_T_Bill</td>\n",
       "      <td style = \"text-align: right;\">0.1536</td>\n",
       "      <td style = \"text-align: right;\">1.458</td>\n",
       "      <td style = \"text-align: right;\">0.0785</td>\n",
       "      <td style = \"text-align: right;\">0.4179</td>\n",
       "      <td style = \"text-align: right;\">-2.9619</td>\n",
       "      <td style = \"text-align: right;\">-0.9571</td>\n",
       "      <td style = \"text-align: right;\">-0.2002</td>\n",
       "      <td style = \"text-align: right;\">0.0138</td>\n",
       "      <td style = \"text-align: right;\">2.9215</td>\n",
       "      <td style = \"text-align: right;\">0.5107</td>\n",
       "      <td style = \"text-align: right;\">0.1321</td>\n",
       "    </tr>\n",
       "    <tr>\n",
       "      <td class = \"rowLabel\" style = \"font-weight: bold; text-align: right;\">T_Bill_CPI</td>\n",
       "      <td style = \"text-align: right;\">0.0126</td>\n",
       "      <td style = \"text-align: right;\">0.2387</td>\n",
       "      <td style = \"text-align: right;\">0.0034</td>\n",
       "      <td style = \"text-align: right;\">0.0303</td>\n",
       "      <td style = \"text-align: right;\">-0.1559</td>\n",
       "      <td style = \"text-align: right;\">-0.0771</td>\n",
       "      <td style = \"text-align: right;\">-0.0226</td>\n",
       "      <td style = \"text-align: right;\">0.5882</td>\n",
       "      <td style = \"text-align: right;\">2.2886</td>\n",
       "      <td style = \"text-align: right;\">0.2675</td>\n",
       "      <td style = \"text-align: right;\">0.0098</td>\n",
       "    </tr>\n",
       "    <tr>\n",
       "      <td class = \"rowLabel\" style = \"font-weight: bold; text-align: right;\">Yeld_10Y_T_Bill</td>\n",
       "      <td style = \"text-align: right;\">0.0035</td>\n",
       "      <td style = \"text-align: right;\">0.0394</td>\n",
       "      <td style = \"text-align: right;\">0.0163</td>\n",
       "      <td style = \"text-align: right;\">0.0262</td>\n",
       "      <td style = \"text-align: right;\">-0.015</td>\n",
       "      <td style = \"text-align: right;\">-0.2687</td>\n",
       "      <td style = \"text-align: right;\">0.0074</td>\n",
       "      <td style = \"text-align: right;\">0.9614</td>\n",
       "      <td style = \"text-align: right;\">-0.6079</td>\n",
       "      <td style = \"text-align: right;\">4.6663</td>\n",
       "      <td style = \"text-align: right;\">0.0163</td>\n",
       "    </tr>\n",
       "  </tbody>\n",
       "</table>\n"
      ]
     },
     "metadata": {},
     "output_type": "display_data"
    },
    {
     "data": {
      "text/plain": [
       "nothing"
      ]
     },
     "metadata": {},
     "output_type": "display_data"
    },
    {
     "data": {
      "text/plain": [
       "3×3 Matrix{Float64}:\n",
       "  1.0        -0.0903778  -0.0483738\n",
       " -0.0903778   1.0        -0.143506\n",
       " -0.0483738  -0.143506    1.0"
      ]
     },
     "metadata": {},
     "output_type": "display_data"
    }
   ],
   "source": [
    "df = DataFrame(XLSX.readtable(\"../../data/usa_data.xlsx\", \"Data\", infer_eltypes=true))\n",
    "data_source = collapse(TimeArray(df; timestamp = :Date), Dates.month, last)\n",
    "\n",
    "freq = 12\n",
    "#:Price_10Y\n",
    "returns = percentchange(data_source[:Total_Stock], :log)\n",
    "cpi = percentchange(data_source[:CPI], :log) \n",
    "\n",
    "real_t_bill = log1p.(data_source[:T_Bill])./freq .- cpi\n",
    "\n",
    "excess_returns = returns .- log1p.(data_source[:T_Bill]./freq)\n",
    "\n",
    "dy = log.(data_source[:Dividend]) .- log.(data_source[:Stock_Price])\n",
    "\n",
    "term = data_source[:Yeld_10Y] ./freq .- data_source[:T_Bill] ./freq\n",
    "\n",
    "#data = merge(excess_returns, real_t_bill, dy, term, log1p.(data_source[:T_Bill]))\n",
    "data = merge(excess_returns, real_t_bill, term)\n",
    "\n",
    "start = Date(1985, 01,01)\n",
    "end_d = Date(2024, 12, 31)\n",
    "s_data = to(from(data, start),end_d)\n",
    "\n",
    "display(returns_summarystats(s_data, freq)) \n",
    "display(cor(values(s_data)))"
   ]
  },
  {
   "cell_type": "code",
   "execution_count": 107,
   "id": "b267ed12",
   "metadata": {},
   "outputs": [
    {
     "data": {
      "text/plain": [
       "1×1 TimeArray{Float64, 1, Date, Vector{Float64}} 2024-07-01 to 2024-07-01\n",
       "┌────────────┬─────────────┐\n",
       "│\u001b[1m            \u001b[0m│\u001b[1m Total_Stock \u001b[0m│\n",
       "├────────────┼─────────────┤\n",
       "│ 2024-07-01 │    0.121358 │\n",
       "└────────────┴─────────────┘"
      ]
     },
     "metadata": {},
     "output_type": "display_data"
    }
   ],
   "source": [
    "mean(returns[Date(2014,01,01) : Date(2024, 12, 31)]) .* 12"
   ]
  },
  {
   "cell_type": "code",
   "execution_count": 86,
   "id": "59fbdf55",
   "metadata": {},
   "outputs": [
    {
     "data": {
      "text/plain": [
       "3-element Vector{Symbol}:\n",
       " :Total_Stock_T_Bill\n",
       " :T_Bill_CPI\n",
       " :Yeld_10Y_T_Bill"
      ]
     },
     "metadata": {},
     "output_type": "display_data"
    }
   ],
   "source": [
    "assets_names = colnames(s_data)"
   ]
  },
  {
   "cell_type": "code",
   "execution_count": 91,
   "id": "8c683672",
   "metadata": {},
   "outputs": [
    {
     "data": {
      "text/plain": [
       "([0.005210776914104084 0.0028550106490825384 0.003033333333333333; -0.006399572897336269 0.002125450693431407 0.002608333333333335; … ; 0.030786207595812742 0.004087424285638979 -0.0007333333333333337; 0.008007174130421721 0.0041400960802971095 -0.0009250000000000009], [1.0 0.06830780222021252 0.001499887646889097 0.002841666666666667; 1.0 0.005210776914104084 0.0028550106490825384 0.003033333333333333; … ; 1.0 0.04362223443801919 0.00392657537072938 -0.000616666666666666; 1.0 0.030786207595812742 0.004087424285638979 -0.0007333333333333337])"
      ]
     },
     "metadata": {},
     "output_type": "display_data"
    }
   ],
   "source": [
    "Y, X = prepare_var_data(values(s_data), p=1, X = Matrix{Float64}(undef, 0, 0), add_intercept = true)"
   ]
  },
  {
   "cell_type": "code",
   "execution_count": 113,
   "id": "84b992d2",
   "metadata": {},
   "outputs": [
    {
     "data": {
      "text/plain": [
       "([1 1 … 1 1; 1 1 … 1 1; … ; 1 1 … 1 1; 1 1 … 1 1], [0.9491349489643043 0.19925843874798968; 0.9608799256583799 0.19530796876313036; … ; 0.9336854185638809 0.15663053182290732; 0.937297078629053 0.20845268342566625;;; 0.050865051035695684 0.8007415612520105; 0.03912007434161997 0.8046920312368697; … ; 0.06631458143611917 0.8433694681770928; 0.06270292137094707 0.7915473165743337], Vector{Any}[[[0.017905585561695036 -0.11717404228710594 -0.21415003679766942 -3.3268719077251587; 0.00041791311456430407 -0.004905777797642211 0.6593046664856982 -0.08572430767006231; -4.298964356738155e-5 0.0013661150481925053 -0.013413592715493996 0.9917872161537546], [-0.021789990912408352 0.05028182486022958 -1.1835409812481865 -6.3813432673333725; 0.001054276354804846 -0.023145165104532975 0.3595396070746896 -0.6557439209948568; 0.00018241221525798148 0.00018804393875319631 -0.021952385343811845 0.9235056434888574]], [[0.022815218764723286 -0.20322462509349787 0.05667612368751726 -6.139528554167742; 1.3867793138056135e-5 0.0008208788009240117 0.6293255516173244 0.09055416674904587; -2.0337410839800696e-5 0.0009139367869275758 -0.00342497930834205 0.9854123928736525], [0.008318979963990277 -0.02351753988904888 1.9010832638572843 -14.698649469252803; -0.0002893836780214091 -0.009355667678708716 0.4582992145580441 0.10364923861883388; 0.0001603715530572967 0.0011331486599087713 -0.012579847612392045 0.9185154511549704]], [[0.02329369956057789 -0.21256847460248557 0.775122215502044 -4.593313208856401; 0.000527561523652315 -0.0013116169156273793 0.5751681540733189 -0.2789838391019678; 3.2600550388301286e-5 0.0004205257463282729 -0.008562669576186073 0.9632923813747736], [-0.013159473013813964 0.14669214883345927 -0.18449164540117524 -4.41864109816394; 0.0012469336435025928 -0.008624763217165978 0.5422654983327097 -0.8479251579066238; 4.49308164685429e-5 -0.0012042587995460595 -0.005901468737838254 0.9958239984740948]], [[0.01545685957799288 -0.18427447862650628 0.32251956159163847 -0.5255831625983889; 9.663402647200678e-5 -0.007118562164109291 0.6156368851464152 0.021000886594372797; 6.6327225781383895e-6 0.00032760033940299263 -0.004853662602632246 0.9805538941847436], [-0.017570422354414434 0.16867476179331337 1.5109832387203919 -1.01269256984075; -0.0002474651483418685 -0.00829776985159007 0.5535548809945364 0.6245720164001444; 0.00017126518186460186 0.0015760758598225696 -0.01628039672732711 0.9425720971217413]], [[0.013357581207299199 -0.15070173679728494 0.530976979696064 -1.364259496360331; 7.26210677215375e-5 0.0011176848773625284 0.5431372901506258 -0.01411381484243951; -1.8070102580803635e-5 0.0011991655186605584 -8.885513970162406e-5 0.9841073629677475], [-0.019231825640069474 0.06963795602421788 4.795352629139948 4.160445549180986; 0.0020833472773688615 0.006821744810403423 0.5537671740014044 -0.6457382843777614; 0.00018327570066132586 -0.0004271634568310672 -0.00033163058256073 0.8689506355614762]], [[0.017729015923871803 -0.13114108197621105 -0.8437794698310208 -2.2875543082339718; 0.0004765466500020718 -0.00040727350435275345 0.5386145102148104 -0.27956269510400567; -2.6387962483221713e-5 0.0017014460508976488 -9.092086888711458e-5 0.9926826723178681], [-0.010964143560721916 0.2437090310715885 2.263764538279122 -1.2011814594367132; 0.00036995998586710215 -0.00176801973502248 0.6168086199715916 -0.2608038655688174; 0.00011665730415713115 -5.2938836793251214e-5 -0.007220681118825 0.878334537103915]], [[0.019352118386630333 -0.15973266045894652 -0.7018073681682189 -2.7485468400570556; 0.00011010527364092835 -0.0044262450929132575 0.6874526073527917 -0.09675977905964771; 6.645140953989442e-6 0.0009474802684796462 -0.008769854337208427 0.987057496353059], [0.009775442241075358 0.0010670590568219313 2.260516454290618 -12.025483771418875; 0.001413664586309101 -0.007815818533758514 0.6665527941746026 -0.9565774857119447; 6.960274539170237e-5 -0.000559994541249627 -0.00889480763414406 0.9551940835073344]], [[0.01690956880221442 -0.12401521716162994 0.3841322298299037 -3.8301983010389353; 0.00046847123049095063 -0.006356906800703157 0.5812874006674208 -0.18146263637846036; -2.537862253995024e-5 0.0009590781571027507 -0.006554901359944531 0.9995726271432874], [-0.009709596693764637 -0.13638902186880753 1.3178921202289686 -4.33634794175965; 0.00030506244008400715 0.009491314099784471 0.5928946963052649 -0.03635879657291214; 4.003115460340535e-5 0.0004975680646976911 -0.0036872279543113994 0.9723566152830181]], [[0.01431202344836816 -0.1353756321780002 -0.1034954432186444 -1.8356941106895381; 0.0004441591556794396 -0.0026798975560137607 0.5501195266522094 -0.14689541474827858; -2.316984333176864e-5 0.0009690882824691348 -0.007541254683183322 0.9981535808258699], [-0.00836511398363348 -0.012482172925814203 -1.7982830566547263 -9.836575202678452; -6.556514197675556e-5 0.01124580416726051 0.6947012822960321 0.09834739834611209; 0.00011029738091842119 -0.0009249179154873224 -0.01823554830570433 0.9311186305959329]], [[0.011968351346323392 -0.08927485342548541 0.6208515340170909 -0.7307014453328042; 0.000499234835810647 -0.004822773090824843 0.5272140334788432 -0.12479902226926753; -2.30186006121349e-5 0.000982484848932673 -0.004460345117765664 0.9916399434878477], [-0.014720634152955103 0.23655003672861852 -1.398942725200237 11.806103098529345; 0.0001673223715394423 -0.008457572779563109 0.5930304634846878 -0.45464631438055403; 0.00014340662447175125 -0.0005746978916192046 -0.012680883184670172 0.9176187252738821]]  …  [[0.021488280764184766 -0.13257988684826516 0.46956064158153504 -3.519735490981444; 0.00014474012385244607 -0.0008600344506988729 0.6554794405972338 -0.13002821290948893; -4.688687120551994e-5 0.001101178249247735 -0.007513461423432984 1.001725909441092], [-0.037627602643995575 0.1496095288578367 0.05393716851256872 12.041007438798854; 0.0004614723935613226 0.0005812950130559885 0.2947946587152629 -0.4771159668433159; 9.872947693639279e-5 0.00032361645535096867 -0.008232857160746686 0.9792687213544606]], [[0.018736457754071303 -0.2656027268592765 0.11374437158161588 -1.4494658467363095; 0.0004866736982178956 -0.0002477801504469849 0.703679655398191 -0.1199241047024341; -2.2062613822463147e-5 0.0010880597930314764 -0.0073131406689990516 0.9808388778393835], [-0.010193083956644394 0.008022504849413789 0.9108510840259029 -5.967717058462592; -0.001263623023581434 -0.005955547093064637 0.5742487368239084 0.5676848663925338; 0.00016127369666323906 -0.0001500848602006009 0.006054012351089377 0.9416198651633375]], [[0.019994856823855482 -0.22123593202826308 0.24053439108786429 -0.3834185899140864; 0.0004795087990140975 -0.0004236127502546933 0.6114635216684474 -0.22582739918591457; -1.6993159749730047e-5 0.0015988743151725546 -0.008522733791422965 0.9806932042162624], [0.0029020393645354525 0.21281158077999235 0.8083611148403441 -8.28298664724161; -0.0027080763851405312 -0.011157704049198467 0.4054248055475653 0.6210381034616141; 0.0002389697424934014 -2.7529946822188022e-5 -0.006937581904999964 0.8759894988339136]], [[0.021982208264207298 -0.2503955978867957 0.15842149871534295 -3.030237537124497; 0.0009227574141415622 -0.006370369213861285 0.5685049428758887 -0.3225050253766779; -2.126100083822564e-5 0.0008880071668052736 -0.00897142218090867 0.9853138002291313], [-0.02987149010598671 0.28219937170661147 1.8538602479094226 -4.822149908419336; -0.0001694927540777432 -0.024448683984135168 0.43453653576910994 0.1844925199983568; 0.00018115991735154156 -0.0005505371020774572 0.004525090647182558 0.9245805175433943]], [[0.023319792521562674 -0.1657003455000116 0.38685382968647375 -4.686064665617954; 0.0002927912895135692 -0.001555782707118091 0.682868714690129 -0.05292948925242254; -3.600775186765755e-5 0.001134457525713267 -0.009253111166008621 0.9872528852106871], [-0.037375583306150206 0.21076104846696458 -1.8557693555081403 5.1947384081657955; 0.0007324794956362439 -0.001981438064451773 0.4781560517131776 -0.7893242954492949; 0.00016238196738222943 9.308126541812076e-6 -0.016459529038310487 0.8999812039219203]], [[0.022946120687307447 -0.26634245234172693 -0.04997190693907372 -4.609054984280994; 0.0003179728833086693 -0.0006966449788946953 0.5533138297771368 -0.13859773186408852; -3.0531905687999474e-5 0.0013115383863800865 -0.005480033241442689 0.9858416714751148], [-0.048921143628795426 0.1129165600366829 -0.8100785257215966 20.083766467901754; 0.00042321506726750234 0.00202286595889032 0.3879361618477602 -0.6927146480738786; 0.00023903053876507573 5.803734310130091e-5 -0.008850964922028134 0.90832075338841]], [[0.023033042455011962 -0.16101831778191833 0.4900855985068494 -5.038711352771331; 0.00016459014299258326 0.0008424081355693327 0.6950591679002183 -0.06816220664096528; -1.1801321917638818e-5 0.0014231270826177912 -0.008385482767408681 0.9745002003351765], [-0.022911741138389067 0.19539929194056185 2.482796315241281 -0.19527866248327497; 0.001206776726847201 -0.0170643962283127 0.4778527342233319 -0.6539007842339173; 0.0001421783944818547 -0.000518289770251741 -0.006980049148006697 0.9285683973496395]], [[0.016210211080167212 -0.26311398107886813 0.5197329409460089 -0.9628735504082657; 0.00015754030667262185 -6.686805294043251e-5 0.6473652973976 0.0127862620343408; -6.45904377459029e-5 0.0015332226959763186 -0.004682017009349766 1.018179579646989], [-0.009721456629329524 0.21639195343364356 1.3374602878451907 0.9555589144751069; -8.861639692690749e-5 -0.017377458049998414 0.42764302417068917 0.461371251842941; 7.742404481617616e-5 -0.00020226783544661026 -0.012606046547856829 0.9517002330932612]], [[0.021740451189118715 -0.2744609089467539 0.32187836590944113 -3.7613800628548915; -5.864405313170027e-7 0.0025949995829155016 0.6998506022229974 0.12627879214264698; -3.143507538929281e-6 0.0007475296562096875 0.0014320842015828738 0.9837855514273213], [-0.018198938967716086 0.24398319193930562 -2.0340990168303286 5.260146587778287; 0.0007095482583633871 -0.008571692126501973 0.5174834406120535 -0.28665173231554586; 0.0001684855277644197 -8.217418118267354e-5 -0.01487519414880108 0.9042500854168172]], [[0.023755384535960256 -0.21066080170655793 -0.38038705367758197 -3.234489421908643; 0.00014807209632876177 0.0012959224668893186 0.6631063827283871 -0.0030174347576311655; 1.2551181512580506e-5 0.0005866697752391952 -0.002591368311185842 0.9727066222279317], [-0.025583365861329185 0.3200654172789568 0.28771434066467116 5.612702385180824; 7.360277793664948e-5 -0.008761230309812205 0.5071155695119268 -0.09077788268673298; 1.1121368535402706e-5 -0.0007120079012021604 0.0029034835793384367 0.9700432636559349]]], Vector{Any}[[[0.0010243702747860166 -9.981116674047273e-6 -7.197425196029017e-7; -9.981116674047273e-6 5.571019251346837e-6 -5.619177246686404e-8; -7.197425196029017e-7 -5.619177246686404e-8 4.4570908058066835e-8], [0.00542672553170658 -0.00011813771420545445 -8.100088210772974e-6; -0.00011813771420545445 3.178970094192939e-5 4.391835235284447e-7; -8.100088210772974e-6 4.391835235284447e-7 1.283262664869563e-7]], [[0.0011244783244260493 -6.040000483327095e-6 -5.223757957222885e-7; -6.040000483327095e-6 5.7672887605187295e-6 -6.922379109601024e-8; -5.223757957222885e-7 -6.922379109601024e-8 3.865664636103627e-8], [0.00505003088684457 -6.819621681629923e-5 8.681543157658078e-7; -6.819621681629923e-5 2.506964862215662e-5 -8.362267153591247e-9; 8.681543157658078e-7 -8.362267153591247e-9 1.1522030086629177e-7]], [[0.0011398329851038161 -1.740753320605233e-5 3.9580981968750517e-7; -1.740753320605233e-5 6.503742442929259e-6 -3.831845236686772e-8; 3.9580981968750517e-7 -3.831845236686772e-8 5.12264046994085e-8], [0.00572917241513465 -8.190401609706629e-5 -1.6666936273878978e-6; -8.190401609706629e-5 1.787169708599056e-5 -7.940949724363982e-9; -1.6666936273878978e-6 -7.940949724363982e-9 1.426646298406095e-7]], [[0.0010061104112161396 -4.221589138670337e-6 5.508544254343938e-8; -4.221589138670337e-6 6.691592582119601e-6 -2.0565980454394715e-9; 5.508544254343938e-8 -2.0565980454394715e-9 3.9889617829974725e-8], [0.0045045734459041075 7.425428306318528e-6 -3.6746673079677387e-7; 7.425428306318528e-6 1.8290759732458557e-5 -2.231384244109804e-7; -3.6746673079677387e-7 -2.231384244109804e-7 1.5499406903009765e-7]], [[0.0011749171103279288 -1.280877930333306e-5 -1.473294417852142e-7; -1.280877930333306e-5 6.3049086060661216e-6 -4.349579268395274e-8; -1.473294417852142e-7 -4.349579268395274e-8 3.7768352038811543e-8], [0.004027098011774133 -4.407450159202689e-5 -2.9566849477248397e-6; -4.407450159202689e-5 1.935495397839483e-5 7.7155934293317e-8; -2.9566849477248397e-6 7.7155934293317e-8 1.4113360625556183e-7]], [[0.0010279030801332166 -1.0160600064671471e-5 1.0112515293259876e-6; -1.0160600064671471e-5 6.351280200153927e-6 -5.8010614077649176e-8; 1.0112515293259876e-6 -5.8010614077649176e-8 4.086442519270787e-8], [0.0040533438141706684 -6.646541052085633e-5 1.4651352867883565e-7; -6.646541052085633e-5 2.2974033688494096e-5 1.8907011617093883e-7; 1.4651352867883565e-7 1.8907011617093883e-7 1.2086807932453333e-7]], [[0.0010746178418249955 -3.318735529342657e-6 4.533120051491941e-7; -3.318735529342657e-6 6.211886788438264e-6 -8.441434533922902e-8; 4.533120051491941e-7 -8.441434533922902e-8 3.951195260286087e-8], [0.004986173346438043 -4.1263461145730815e-5 -7.1934594178406415e-6; -4.1263461145730815e-5 2.3432236615016733e-5 -2.2436641222415454e-7; -7.1934594178406415e-6 -2.2436641222415454e-7 1.3921778736676986e-7]], [[0.0012619903279066816 -8.932901139236133e-6 -1.6303609031149387e-7; -8.932901139236133e-6 5.633434888660744e-6 -6.520218401200028e-8; -1.6303609031149387e-7 -6.520218401200028e-8 4.085049088362076e-8], [0.0047734392790275875 -3.607147816213464e-5 -2.7604062646641265e-6; -3.607147816213464e-5 2.1412497635716086e-5 1.0041119529231867e-7; -2.7604062646641265e-6 1.0041119529231867e-7 1.1901559519388489e-7]], [[0.001124415735470019 -4.1935754028906216e-6 -3.820361559430203e-7; -4.1935754028906216e-6 5.580167712034701e-6 -5.066191583351307e-8; -3.820361559430203e-7 -5.066191583351307e-8 4.442957703971075e-8], [0.00491523257633149 -6.46806724402432e-5 -1.1713921914462833e-6; -6.46806724402432e-5 2.3594017468516062e-5 4.772588036132489e-8; -1.1713921914462833e-6 4.772588036132489e-8 1.2686345906328799e-7]], [[0.0010424833701867756 -1.6228881520130808e-5 -3.5592091211303697e-7; -1.6228881520130808e-5 6.514499099331987e-6 -5.985395522189795e-8; -3.5592091211303697e-7 -5.985395522189795e-8 5.298559317830809e-8], [0.006092750493877636 3.616645398424406e-5 -1.9390538128072766e-6; 3.616645398424406e-5 2.0826931193891575e-5 -9.748472622404245e-8; -1.9390538128072766e-6 -9.748472622404245e-8 1.6286158992622064e-7]]  …  [[0.0010444112553323114 6.365466231884584e-6 -6.964359526781294e-7; 6.365466231884584e-6 5.6865506011103495e-6 -6.833735515551873e-8; -6.964359526781294e-7 -6.833735515551873e-8 5.010658644758316e-8], [0.00370643320260512 -8.120882819535995e-5 7.76309391327954e-6; -8.120882819535995e-5 2.3021868527124642e-5 4.079279772862703e-7; 7.76309391327954e-6 4.079279772862703e-7 1.2397179850563052e-7]], [[0.0009553642256837772 -7.059213006311734e-6 -1.5321879192638542e-6; -7.059213006311734e-6 6.388186541086968e-6 -1.1070878361453039e-7; -1.5321879192638542e-6 -1.1070878361453039e-7 5.349073150102359e-8], [0.005705657150526078 -0.00013280675926083182 6.128856514667896e-6; -0.00013280675926083182 1.9642400702959047e-5 3.9506927694572655e-7; 6.128856514667896e-6 3.9506927694572655e-7 1.0792873342818116e-7]], [[0.0012100216982400395 -9.463153068848485e-6 -1.5485995236178393e-6; -9.463153068848485e-6 5.9393101710197306e-6 -7.129544770538815e-8; -1.5485995236178393e-6 -7.129544770538815e-8 5.2766305632148754e-8], [0.005112758187762599 -0.00012553989766652006 6.149087047621159e-6; -0.00012553989766652006 2.0880268788842824e-5 3.25705544884091e-7; 6.149087047621159e-6 3.25705544884091e-7 9.837382367928306e-8]], [[0.0008716158784114848 -2.3498525470366495e-7 -1.254754436306261e-6; -2.3498525470366495e-7 6.265446139791628e-6 -8.864120465805572e-8; -1.254754436306261e-6 -8.864120465805572e-8 4.896439058769807e-8], [0.005342795737120317 -0.00016801073336340588 3.257126787731491e-6; -0.00016801073336340588 2.2108957208142318e-5 3.694376209726874e-7; 3.257126787731491e-6 3.694376209726874e-7 9.83731097689582e-8]], [[0.0009503624537238502 -8.639922106062935e-6 -1.5429767854162436e-7; -8.639922106062935e-6 6.474096538080419e-6 -9.231373174843938e-8; -1.5429767854162436e-7 -9.231373174843938e-8 4.4064229862916576e-8], [0.005083988995681582 -0.00011026420354576027 7.559453287397006e-6; -0.00011026420354576027 2.173089262000172e-5 2.9070898254352114e-7; 7.559453287397006e-6 2.9070898254352114e-7 1.253509525624496e-7]], [[0.0012056621704479007 -2.1160334070369614e-6 -6.663908646004862e-7; -2.1160334070369614e-6 6.1377924576382435e-6 -1.2000408142765452e-7; -6.663908646004862e-7 -1.2000408142765452e-7 4.554319651502227e-8], [0.00387578827769565 -6.344053093486929e-5 2.1759758930045402e-6; -6.344053093486929e-5 1.9091675889358015e-5 1.325967309560033e-7; 2.1759758930045402e-6 1.325967309560033e-7 9.723277897203321e-8]], [[0.0010097578593045696 -1.1908670645996118e-5 -4.0125955330578456e-7; -1.1908670645996118e-5 6.194098907865407e-6 -9.029697603546304e-8; -4.0125955330578456e-7 -9.029697603546304e-8 4.9784835681424244e-8], [0.004381828089682156 -5.9721424791574576e-5 4.994905699714166e-6; -5.9721424791574576e-5 2.0088448636126145e-5 3.3493507076408954e-7; 4.994905699714166e-6 3.3493507076408954e-7 1.0647060979751068e-7]], [[0.0009894941795970192 -6.8639736188096945e-6 -5.174166149160718e-7; -6.8639736188096945e-6 6.294662878702153e-6 -7.738743022987602e-8; -5.174166149160718e-7 -7.738743022987602e-8 5.171351918710825e-8], [0.00435103804989067 -6.152837087145212e-5 4.427702789554664e-7; -6.152837087145212e-5 1.7237105878933006e-5 2.7852882769433856e-7; 4.427702789554664e-7 2.7852882769433856e-7 8.909738665835287e-8]], [[0.0011277561423641209 -8.198958548580491e-6 -5.24411200187768e-7; -8.198958548580491e-6 5.674457334686164e-6 -6.289709489753899e-8; -5.24411200187768e-7 -6.289709489753899e-8 5.3918025158096746e-8], [0.004857527720501693 -8.060315960350424e-5 -2.0681205830146794e-8; -8.060315960350424e-5 1.8953403566199443e-5 1.5635730070778754e-7; -2.0681205830146794e-8 1.5635730070778754e-7 1.1827488744978698e-7]], [[0.0011108373586788886 -1.0822622581282478e-5 3.07881135797259e-7; -1.0822622581282478e-5 5.229120000112885e-6 -4.233255781493304e-8; 3.07881135797259e-7 -4.233255781493304e-8 4.050616896362378e-8], [0.003760474206086204 -7.695475365610349e-5 4.651943914992227e-7; -7.695475365610349e-5 1.6830143718262144e-5 1.807105079657362e-7; 4.651943914992227e-7 1.807105079657362e-7 1.0272120177152839e-7]]])"
      ]
     },
     "metadata": {},
     "output_type": "display_data"
    }
   ],
   "source": [
    "n_burn = 50_000\n",
    "n_sample = 2000\n",
    "n = 2\n",
    "T = size(Y,1)\n",
    "Β0 = (inv(transpose(X) * X) * transpose(X) * Y)\n",
    "Σ0 = transpose((Y -  X * Β0)) * (Y -  X * Β0) / (T- n -1)\n",
    "\n",
    "tm0 = [.9 .1; .1 .9]\n",
    "\n",
    "regimes, t_m, Β_post, Σ_post = msvar(Y, X, tm0 , [Β0', Β0'], [Σ0, Σ0], n_burn, n_sample)"
   ]
  },
  {
   "cell_type": "code",
   "execution_count": 114,
   "id": "790632a4",
   "metadata": {},
   "outputs": [
    {
     "data": {
      "text/plain": [
       "3-element Vector{Float64}:\n",
       " 0.08232752547861533\n",
       " 0.00474732935748966\n",
       " 0.012994090274119168"
      ]
     },
     "metadata": {},
     "output_type": "display_data"
    }
   ],
   "source": [
    "inv(Matrix(I(3)) - Β0[2:end,:])' * Β0[1,:] .*12"
   ]
  },
  {
   "cell_type": "code",
   "execution_count": null,
   "id": "9fb94434",
   "metadata": {},
   "outputs": [
    {
     "data": {
      "text/plain": [
       "473-element Vector{Date}:\n",
       " 1985-02-01\n",
       " 1985-03-01\n",
       " 1985-04-01\n",
       " 1985-05-01\n",
       " 1985-06-01\n",
       " 1985-07-01\n",
       " 1985-08-01\n",
       " 1985-09-01\n",
       " 1985-10-01\n",
       " 1985-11-01\n",
       " ⋮\n",
       " 2023-10-01\n",
       " 2023-11-01\n",
       " 2023-12-01\n",
       " 2024-01-01\n",
       " 2024-02-01\n",
       " 2024-03-01\n",
       " 2024-04-01\n",
       " 2024-05-01\n",
       " 2024-06-01"
      ]
     },
     "metadata": {},
     "output_type": "display_data"
    }
   ],
   "source": [
    "\n"
   ]
  },
  {
   "cell_type": "code",
   "execution_count": 135,
   "id": "06caaf40",
   "metadata": {},
   "outputs": [
    {
     "data": {
